   3585.6163620257521     
  0.92971283401753924     
   2855.7093750961658     
   270.10266681568157     
   906.22639482112436     
  -47844.391477927100     
   55.768333644125178     
   178693.58975160803     
   23.495420529991467     
   63.432903805907365     
   1.3357724626707124     
  -63320.481273139158     
  -8410.6098858860569     
  -4.7708190296233637     
  -268.68831175261357     
  -34.694127372815814     
  -83574.151243821325     
   1670.0594215045012     
   1.7300350914263034     
   105894.86668088150     
  -183223.08901642635     
   13.370219295657837     
   1012.3408227287354     
   231.98993040340966     
  -6.7921425079944928     
   5121.0686961610909     
  -53.669340847442093     
  -3.1045145882305967     
   35313.977061697733     
   4246.5532890412342     
  -1356.1731025730089     
   5615.6571419541133     
   6.2254342337766522     
  -95.015053626548692     
   36.618798282311623     
  -83.968926227808382     
  -2822241.1815147442     
  -5396.7014700534000     
  -2642363.6160189956     
   8.2558880311550620E-002
  0.50950517916234039     
  -225.64331909983076     
  -50.191207725814166     
  -6922.4915969166996     
  -3786.4370771053700     
   968004.93358263397     
   12.261307423534205     
  -8.2607244091207974     
   19.362689858543487     
  -199.75869160847890     
  -13.594502396725950     
  -5.8897475798765466     
  -1.3033569110013696     
  -59.969014799772779     
   731.27102634494429     
   1.1677919466397679     
  -136.21706757716134     
  -24.311885844471462     
   1.6171047119158855     
  -4.9533908960887381     
   397.28893002658742     
  -107.95488282328495     
  -2.5341708736245803     
  -74.511261089124162     
  -9.3048369918785685     
   14.506057618602288     
   2424.5664254581379     
   1125424.0706508479     
  -4051540.6773606031     
  -1.8110687014442337     
  -205413.00436275161     
  -297.31315709092553     
  -424.91991283166607     
  -11.166518107788672     
  -3434.8372723958505     
  -6.7218553350670476     
  -456.28780706684785     
   364059.45023668010     
  -2182.8446410172919     
  -60.912633871777857     
  -39.659320736243153     
   44.776439983380399     
  -40.875816900507601     
   7.4901219226794540     
   5004.1057126802580     
  -13.229572699293637     
  -21318.167569304482     
   6.0215575275210949     
  -8618731.0888412278     
   8.0023689247887049     
   2411.2297897765270     
   9.2790240419612324     
  -3.2192032248438545     
  -1716193.2675642483     
   27.959163566125000     
   6.1161111912164525     
   755.10445387882044     
   3.0369957113793786     
  -540.38615971203615     
   9.6431689764844677     
   849.01321748393684     
   5.2498609211611988     
   126.36312422857129     
  -904.14755034062432     
  -10738.156945789318     
   86.085584613300199     
 -0.44938078011367033     
   49.692745682608091     
   25.018053083025137     
  -13096.780717853282     
   11.440244584526983     
   1535.8765817620176     
  -1.7859522168818969     
  -4.3852674447489406     
   2.2343997530171557E-002
   374657.22627661936     
   174.89487631760787     
  -198.24243649279683     
  -1016.8440630299395     
  0.58738527857514766     
   161.98290089769432     
   102770.02880072314     
  -14.424714804242841     
   5.4897969952327372     
  -3990.7706124967062     
  -97.449068408174483     
  -3.0073511097563661     
   5.6780123411968537E-002
   4016.8345359506029     
   136.77178545855037     
   249.33670345790614     
   1.4271094603465180     
   4433.6249136569022     
   302207.66864405008     
   2050.8480916724720     
   19.911549920797782     
   240.91547145447612     
  -4.9609517498030895     
   361.17029977722473     
   10.727134380244156     
   25993.183656430381     
  -173.78803625901017     
  -2.7771919928685982     
   6.1972587746289456     
   4.5331950116645361     
   50.098896464339582     
   54.495435257345093     
   1.0151177165467984     
   1.4245439467433312     
  -4.7409133571765718     
   231.61617946998595     
   2235.7511519779746     
   52.462994162610983     
  -368.88977370461510     
   391376.42749374331     
   821.33064935578386     
   2.1300185364908315     
  -62.810046880018866     
   7.6139281843981610E-002
  -18.280347543961771     
   286.91468509184972     
  -14.852720675235288     
   5.3716229428664768E-002
   15603.437180427176     
  -4.9734374707274505     
  -305.94422133752579     
  -1552.5272732496342     
   5932.0191237689196     
   69141.199323351844     
   10.922151616317619     
  0.75012234494435515     
  -158.17494218175142     
   1713.6152872665705     
   3.0566070804189684     
  -1.5300939881080222     
   1434.0630756294065     
  -3304.8723909550267     
   117.52719766870005     
  -266948.45341688464     
   30.037823718925615     
  0.58676343066249159     
  -155.09480766679533     
  -3936.0416916567769     
  -66.618178104884990     
   925.46445693555381     
  -488.80013215098103     
   1360.1268226797276     
  -15.487533106290044     
 -0.95150235917033965     
   339.90217737820274     
  -1426.0805174952948     
   2.6199388206782581     
   159.84756189186905     
   14.064931698330955     
  -52219.068291138028     
  -1.1568453097064884     
   774.56365883243541     
  -4.8104606595870498     
  0.44325035739223956     
   59910.959741448140     
  -17.890701962275390     
   36.444194833453153     
  -564.09102263742011     
   83.676193742545607     
  -32.666104378003219     
   48.855843370850849     
   2128266.4535409333     
 -0.76253614860514729     
   69.099395654907468     
  0.32293515374996834     
   9913.8940709753933     
  -14305.607138733978     
   260.77620398123707     
   40.033806716629421     
   11.259341552490968     
   92.557502748684939     
  -36.929702143290818     
  -50.756661081213160     
   7081.2086867741455     
   10.674595271335690     
   229.49081549648653     
  -60.084942903065112     
   20.767097193440069     
   52644.577323239086     
   90.650902466613218     
   4.8474523165728511     
   8.2923074108408272     
   209.49817603172565     
   323219.07999458874     
   1578685.8450254737     
   15.737378905777605     
  -23.017376373807696     
  0.22401490277340394     
   62272.123657181786     
   486.54181786859516     
  -2263.4909832687154     
  -5.2314017029633257     
  -14.811929479986775     
   634.84836020983084     
  -3.0222925335611368     
   7.3539342299959900     
   28.864705514832739     
  -44.582040303059266     
  -1.2988058789299337     
  -18.824350727963797     
   424.52200614618891     
   538.27465245233111     
  -292.91953363116465     
   749.18694701504376     
   94780.569678685701     
  -6.2891548388051666     
  -3.6716304293915942     
   86.097878399871902     
   2061814.1722043531     
   3.2638248722250309     
  -95.636931570431997     
  -1122649.2687015503     
   13447.303861993634     
  -368.10927315511134     
   1060.3647247294803     
  -464.86763248925593     
 -0.78026440773431716     
  -8.6603230163385518     
  -1405.6193470009262     
  -183.69251279551909     
   21025.393194190361     
   1.1725576507104740     
  -105338.73488232064     
  -7.1487264345331791     
   6138.2455905278248     
   406.93312452689560     
  -18.643247934590605     
  -9.0266197984840542     
   1454.0871685359625     
   87.224840843613762     
 -0.51958446021614246     
   5.4933257363485284     
   48107.063905404422     
  -5061.1788441247545     
  -2.4221693296498477     
  -19.684700077635565     
   39.213515186275295     
   13.036287215140874     
   40508.919881223148     
   3349.6191528690588     
  -42.523626112521825     
  -29.430045337493471     
 -0.27501449691807522     
   92165.449435752176     
   30.093063164814168     
  -3.1377851405594126     
  -371.06408595197479     
   229.11007000368147     
   1.4415522952153121     
   21163.222566979330     
   10.657552255781185     
  -76.122162280650414     
   283345.93049733021     
  -5.8937474370551649E-002
   279.48707945662903     
   12401.406820164864     
  -526145.19333054998     
   187.44007729999987     
  -168.94304458407490     
  -19.465906983858641     
   151.64334113025524     
   108.08670373624246     
 -0.82746947103870772     
  -3534.3046501255185     
  -2608.7223658226421     
  -3.3643427618823396     
   120.87013521627205     
   8.9149546650028597     
   16.038435988354593     
  -92.448099530913339     
  0.70762981898164634     
  -54005.077840229118     
  -21608.150711808325     
   48.149134311397084     
  -8.2101796740957873     
  0.18332158296563181     
  -11.838186379334216     
   1344.1642145791116     
   45108.888944791484     
   11.310201316005065     
   2687.7424007889517     
   5.7774255288837741     
  -3745.1547389533857     
   5.7152455921391310     
  -3.9186494064801503     
  0.74134963071944671     
  -2146.5213866214394     
   309308.53033749392     
  -125.52398117247181     
  -80.603523340621678     
   21.602940334433299     
   36.861962085427294     
   2686.1906334218588     
  -10494.429073858077     
  -6319.8548071752684     
   768.17221290827035     
  -10.361397093974707     
   547.63605720041505     
   42.442656189132002     
   151.89384148574118     
   23.649996946170454     
  0.27924095035890611     
  -405.29692562749045     
  -101.93942987794992     
   10.189083622330022     
   18.170955352128150     
   155.05535156407211     
  -223.02694477110435     
   603631.36005464208     
  -112.37994882796293     
  -1285.7573701364900     
  -683.88769695461758     
   5.0593078748606937     
   938887.60829923803     
   57752.817911385777     
  -137.13632876210102     
  -45.866378518538255     
   25.669875916187390     
  -1.2208154467171202     
   265474.07188359759     
  -5.3370484141734513     
   38.778815272747082     
  -608.52674185363287     
   2.9327473479415360     
  -84284.420512327444     
  -124.76266249956539     
  -6.2953170260156375     
   1527.6029529103046     
   28676.874144071207     
   866336.35235455702     
   6.2585571486898024     
  -2.4060374568171654     
   4.6439687773234306     
  -145.38802114899246     
  -203.55668720063591     
  -938.90600538508136     
   3.6193313517921619     
  -7.5711010961205938     
  -2268.8538068278367     
   2.3530265951131306     
   1923981.9262357545     
   4.0798664146868893     
  0.20208802124770178     
   8307.6335934294111     
   17036.104085504379     
   1361598.9954626178     
   14.241735247972759     
  -36854.776125119257     
   415632.20134516165     
  -74.877061101462388     
  -142854.56637260644     
   7.0153525402454040     
   2.8950574809212499     
   21.141053817142883     
  -3.6282703606096089     
   52.303649001890655     
   418.00158471936686     
  -1436.4393944761327     
  -137.49624325889283     
  -116.64831071504916     
   242.93943651613858     
   62.240391414586895     
   121425.40105746752     
   81.886551946587886     
   196.97536544293530     
   199855.51159216103     
  -7.0807438126589212E-002
   25.911177208039742     
  -164.25950978233064     
   157.08598626338488     
  -7.4500499761628980     
  -23.222454326847938     
  -189.08093569938947     
  -644.68499682618517     
   147.58216068653192     
   2.3866591052760784     
  -1977.4531126724248     
   70058.425876687019     
  -5922.7018263686323     
   10.464248323419621     
  -246.03489928496421     
  -699.94439790071635     
  -463.32314879218984     
   12.482734597782416     
   637824.74534751370     
   95.191955411258760     
   2.6995689023035494     
  -22.943243274642807     
  -36.482997711580460     
   27.995101681490759     
   17.326483025539506     
   5974260.3393389145     
   805240.33257250430     
  -533.49109394981156     
   1589546.2082685116     
  -12.663640797952860     
  -38.137315594684168     
  -7.4344965880799831     
   21.478568879005550     
   3716.2862754137145     
   25840.733536234784     
  -107.15969918884298     
  -912.31855303909811     
   475.55742704711741     
  -1045234.6667188555     
  -23.906250352785552     
   2.6476127941190764     
   35.493524580070392     
   1.2290675518339205     
  -2058.5424972563346     
  -14.321256671528303     
  -39361.806163919959     
  -16.693163385625777     
  -5.9798746100729820     
  -1.4428222847807171     
   105503.91686176285     
  0.98075459141998578     
   25.960398394728433     
 -0.12665053035095544     
  -1446931.7230422164     
   2.8282705571258782     
  -182.99915534214560     
  -270.47183744504520     
   303.22321772760625     
  -9067.2120660639175     
   2.1867490313547693     
  -43.245325671908091     
  -973.14722816365600     
  -464497.27634135087     
  -1.2194644789584492     
   61.687577814911904     
  -772.03578135534258     
   140.79254729853304     
  -32.341929238675696     
  -732.14501000470125     
   348.80365417651308     
  -37.323916934123346     
   666.21829191234701     
   161.49631796115668     
   106.30514795063324     
   178.30466278621427     
   182.90972897257777     
   6.4995481677771183     
  -28.716518323812124     
   22.191934694586539     
   5.3361269628565555     
   77.583482605329536     
  -425.43084820582521     
  -343.39324772274779     
   1698.9865755376215     
   12.464534894239693     
   2247269.5979496394     
   101.79458226888748     
  -1555.5151495153032     
   11451.258165486284     
  -9.5317755494348475     
  -518.03190229629411     
  -36.037284652681421     
  -7777.3104496001270     
  0.31203419321636133     
   1016.1138226917139     
  0.10322514672468197     
  -110.82851075524383     
  -50.705307550208133     
   113.02006848790668     
  -201.48118095464906     
   114.14558635481116     
  -428.85209489743841     
   2026.1772481180299     
  -5.8118251931191161     
   17.079067136363935     
  -1052.1882678035968     
  -4790666.4285783526     
   445538.23350150837     
  -148.43507291368181     
  -2348.9400946318106     
  0.97335818562412491     
  -25.422897111558999     
  -4.3191633445576310     
   14.163949800567323     
  0.15041612531706894     
   3.1697512393607368     
   543.07176517554433     
 -0.45132417180203904     
  -113.76069935241343     
 -0.36423100641822553     
  -284.40283639654490     
  -1.3134113884145129     
  -44195.476692489327     
   48843.856584865833     
  -273.78587209160372     
   508.52280808281029     
  -913.05673658774219     
  -551.17000429779728     
  -5826484.4282233706     
  0.56530336222453259     
  -39.139549290443803     
  -144441.50342651797     
  0.25189306042319659     
   8811.0721510691255     
   273.48317677973239     
   48475.493895434396     
   2.8526813731429619     
   25.156454321257289     
  -2332.1183995227216     
   8.0328170569001323     
   39.575521862727690     
   45.368608684844482     
   261457.66102149631     
   185.62214158258968     
  -1570.7682498353795     
   30343.773214010314     
   7898.8368185703330     
  -1105.5279142200618     
   1030416.3055631074     
  -241.82378276319605     
   56.034650947842330     
  -184858.88474251001     
  -106128.17397993957     
  0.22374315815016094     
  -67.618837203763817     
  -136.84553983882856     
   18050.858550614281     
   75.108863611020553     
   4.1410968293074335     
  -170918.14591843719     
   9.7432882763594275     
   100.18277767888149     
  -4.4650961620589555     
  -5.7504201938727135     
   1268391.0977599600     
  -6.8170450073710560     
   9391.9853300280520     
  -19.636672334876856     
   208.72409204610332     
   194695.78955964855     
 -0.51400405648035363     
   114975.37730655649     
 -0.77771923941031329     
  -11313.248332444866     
  -8403.5797311976839     
  -715.41821892954226     
   3.0780349757053638     
  -28.428049457307658     
   38.344770037308990     
  -9175.6421969874846     
   84.641553305718688     
  -2592.2371932724686     
   252.05739274520417     
  -2916.0572844362227     
  -271.09689891426729     
  -7.7539838292425269     
  -104.85193478483686     
   13.695927702785365     
   1.2663698166175850     
  -5.6788813785033057     
   1208.7117672081063     
  -141.97101196616887     
   164112.59315378329     
  -681.36332609618250     
 -0.94270475035824786     
   662942.94920683745     
   11.056353870411272     
  -44.900474845200826     
 -0.66031006426102579     
   1318814.0599619094     
  -290569.65382340975     
  -2070600.5749726712     
 -0.19055681330180346     
   22.516505651454068     
   2.4337196254034978     
   50.965063592833893     
   2424766.7648355076     
   2261.7910945235235     
   122.31449795161825     
   8.2722696900643040     
  -4136.6053603811497     
   11.233331570078720     
  -311859.82232334721     
   109.27838868066411     
  -69.972878196944393     
   2.3617327415384270     
  -10.757230526286873     
  -288.76680579399090     
   6.0925150167245965     
  0.74662300257971548     
  -36.296840099846641     
  -665.30081942617380     
   51.355456706344270     
  -551.11597624440935     
  -19.460890131564604     
   57.802794505382529     
  -38.993289203705800     
   239830.71401786650     
  -6.1588352590538147     
   1181.5031879984799     
  0.49073459952756832     
   68223.444537910531     
  -10.068394716531291     
   532.15762789793291     
  -509.72794553383005     
 -0.60190280892834491     
  -283531.89363775338     
   4.6760857980880646     
   20.566908119340471     
   1.7664582923381797     
   652.82480639306982     
   8.6152442038615773E-002
 -0.10124863982840226     
   326.76336229126514     
   25.697169012077126     
  -54430.428742166681     
   1.2938992610759477     
   24.662508711891469     
   2213.5595171656964     
  -15.790661586641184     
   31.235500370904941     
   291.72659541832394     
   6.0060204394515431     
   9.0505335965629499     
  -96.993024997717285     
  -89.284880942272324     
   2.7733152751957948     
  0.44793475951829503     
   467.89381023180317     
  -799429.13630027429     
  -160.15932495409584     
  -1294.3904009764474     
  0.81112907944903878     
   57.246427321798613     
   583.71742735327405     
  -14.349443042723726     
   628.82614448354661     
  -1.8931098862822950     
   494.61626268058717     
   17.588049002368251     
   144.19127095510606     
  -1.4866639549057146     
  -21.045243273825921     
  -1.1618553823456903     
   2.4952820572803351     
   3.9242754343537793     
  -33.735424600907123     
  -10.381873864223300     
   1412.8294446385889     
   36.943575521229405     
   2344124.9625490103     
   29.628270037065519     
  -23.334000488701101     
   728.08132736459368     
  -2576.6755179659604     
   484.51069131474441     
   5568.0686821019872     
  -18893.056098399866     
  -11.126886716153574     
  -11444.912266565907     
  -12964.673922473792     
   68.311097380460041     
  -9.1363722178802824     
  -10385.417087622644     
  0.84108502252952755     
  -67.339939187620089     
  -2.8591607593243293     
  -3813.4723882602862     
   129.87251089824895     
  -7.9195702946917645     
  -3.2874972073118500     
  0.47900693963096702     
  -26.553043714745538     
   3767.3069457320871     
  -27196.602959975360     
   1788094.1987758284     
   2.6978132221027025     
  -106.41081938226887     
  -93.816190687257688     
   2619.9211514342637     
   13.281620216229394     
 -0.22219678253690647     
   255.27750654935102     
  -61.371107609267035     
   145.09140526908513     
  -66.794757577774519     
  -5668.2853423595234     
  -5.7503149425326185     
  -84925.270015059228     
  -1.9331324922917010     
   212.84681082361905     
  -38.425241974282812     
   11.476692770831745     
   2.5355338375398349     
  -1.5737456785298314     
  0.74259148538099151     
   10254.156177970399     
   79.909975965772418     
   133.53912209772426     
  -2.7581622294743062     
   245309.57136463912     
  -14871.852632353226     
  -42.494103886107126     
   137.51525989784116     
   382.68419085591461     
   8.3879797013693160     
   69.964743933172969     
   151674.45501384223     
   3012.6213008583445     
   434031.11355818721     
  -159684.19578001325     
   40.793489648094813     
  -31509.613675940698     
 -0.38011368787976846     
  -40.096396212156122     
  -20.429941224907036     
   7682.9595854400659     
  -59384.841614064069     
   5.8871976420201007     
  -744.99554639329699     
   2.3530819741312894     
  -24.785070063007527     
  -1.4503520933846572     
   180.91056190827470     
  -150034.47567116906     
   26.188751238926066     
   2.4296651890405467     
  0.25256662346242020     
   518.78715980868424     
  -1.0225400890873373     
  -90504.668124462842     
  -34.217780397737982     
  -2630264.2366183847     
   130.11239738946560     
   101.04183005368638     
   54.828124312109125     
  -2300.6558877619336     
  -501.24894257994481     
   11.991738569520949     
  -1613.4994397364972     
  -3919047.7942863824     
   1.6616689219163414     
  -1579.7847774650786     
  -163.05347768947587     
   8.2420425359107909     
   108.55791824706735     
 -0.14846149403587447     
   18278.084418641225     
   9327.1599578239729     
   2.3154587801040125     
   29.953884091354844     
   7089.3665316159531     
  -47417.351703037457     
  -317.55006330137263     
  -13.077267735805400     
   36.291306418018230     
  0.43790757313410650     
  -19.210715449784999     
   168325.61038952373     
   2.8009997058663729     
  -92.556623877098062     
  -3711.9039240654520     
   49.261716638731293     
   1.0253919482772056     
  -3.9322606694970532     
  0.67329586615426795     
  -955.52778177149958     
  -36.714662715969595     
  -6.8884610605922676     
   428.85445621553089     
   1.2796489585693045     
  -53185.598959796545     
  -1.4451547079845990     
   1636.8318733763856     
  -7.8832364408606574     
  -57.465417127358933     
   23.321930535554330     
   2.4294600858310171     
  -65.640533479312055     
   4.6761424322552090     
 -0.67063145893694365     
   816.04059436661214     
  -610.78181877703628     
  -4.2479031861261840E-002
   21.590504204401459     
   28.848416911819481     
  -1.6725998368861661     
  -4586.2299486734091     
 -0.33196515106785368     
  -168.57488465516360     
   618.39042217259600     
  -15.344696391233244     
  -804.70678259558633     
  -779.18297271145684     
  -571288.40445412567     
  -2767.4560953789419     
  -3284.5598209103487     
  -76.663810808128247     
  0.51329637101674497     
  -16262.926564801952     
   1374234.1145479842     
   43.185689703006815     
  -513.07549285995503     
  -3107.1236047094085     
   69811.646630332485     
  -17.677408063255669     
   1.1085554398303827     
   30.055736583305865     
   25.127112868163568     
  -25.035664372716486     
  -9.4651215199768455     
  -4639.1125098508292     
  -5.6364730889374588     
   83.464302307027097     
  0.20801976247846271     
 -0.80481089215045709     
  -4.5228609171147696     
   5373.8978745228205     
  -13.591754832143570     
  -23.641157244173165     
  -5971.4280913690827     
   180.08176864838487     
   1621665.7547398438     
  -128.77340742373906     
  -61.726245237272167     
  -9.4302097765752322     
   193830.78337170181     
  -12688.641834085767     
   8.3220543029379090     
  -5.2067555528447027     
  -204.48021277540553     
  -252.85101205193229     
  -163.38253870463220     
   97227.022882005098     
   10.012734771552113     
   54749.745482403487     
  -17.552473815606842     
   1.3254110228711138     
  -6.7572342567810111     
  -88.079442416581315     
 -0.99006401828796442     
  -2.9175172599168104     
   51.195968313187116     
  -4278846.0646910043     
  0.89832248710778262     
  -1.1945986251244647     
  -163208.02957970134     
 -0.74475292510318902     
  -439.57930992634391     
   3.2003347508954199     
  -41.610568563775388     
  -191.81969002377659     
   687639.97361692297     
   215.58706506888220     
  -1998.1453010497428     
  -723.04955116253984     
 -0.65864317226382607     
   95.689965737158744     
  -2.4281363657694767E-002
   586.28540149556864     
   446.31346957583997     
  0.24504678674808111     
   75.240648513259231     
   457836.57604508696     
   5.3995070417730433E-002
   74.686840445009310     
  -248.60182374273759     
  -10.653075847692234     
   76.468207831197546     
  -1.5851971807777812     
  -85647.913517000881     
  -5745.4780153329029     
 -0.59372961671604518     
  -10.212992222273771     
   3380.0747050617656     
   26.059639958573889     
  -17034.424715917336     
   1261.2888705230464     
   1.3940685208167150     
  -49.131821152024393     
  -15560.731711975057     
  -332.33677812525900     
  -25.586856272096721     
  -3.5145133603764771     
   3.1857595541428148     
   1953.1326108835469     
  -9.8068216401357766     
   50.581180589230591     
   104.35335809891171     
  -5.1181394143648884     
   510.12718969572046     
  -5.2692909595310535     
  -48.301831549612174     
  -524586.29504502704     
  -7139.8403141132994     
  -35.420570675055444     
  -4781194.4510288732     
  -3893354.9993785154     
  -343400.45139197615     
  -3.6234530507346250     
   32.318883293122099     
   86.302817616364905     
   7.3308228816547274     
  -8.5122308319026772     
  -230246.53647169864     
  -841.44145730798482     
   2908.8356117114695     
  -4.7546289341290322     
 -0.51139763797207927     
  -29.999089096888547     
   60.809600915365614     
  -42.572638369033470     
  -3927.8747415174621     
   8.3690674669399563     
   168507.90770934394     
   62.688219901925045     
   1411264.5103240868     
   5.0169866239629224     
  -245.01963436442077     
  -1625.0053563311360     
  -621.39454443075988     
  -2492477.6471137018     
   293.30861215913853     
  -375.63173382336254     
  -5297.2120930413212     
   1023.4069894797834     
  -5.1506290995602724     
  -2.0105408830337690     
   7380.5822112325468     
   89357.392799740599     
   281.48935483270202     
   5.6898005878751938     
   1.3743472839885169     
  -1447.8443860294678     
  -41.064946207964574     
   13240.661031151589     
  -35.389501977188488     
   3357.0247568252803     
  -157813.45285936413     
   2120.2257247976995     
  -25.539540984160841     
   751.72244329435478     
   22.703940928632427     
   6728.2953098447742     
  0.88818555073880168     
   122.15340538273399     
  -27.516073722355916     
   32.416950959440022     
   244.16493405284314     
   32873.224588192897     
   4906.5840768996686     
  -2.2580020796345148     
  0.17183162118994749     
   347.32321634097553     
  -248.90524174853712     
   1299.8919996193558     
   30.165063122511672     
  -3788.2704751921892     
   46.940126181953424     
  -46188.023173939589     
  0.21255882835717654     
   2763.4836572187683     
   3.8370595762899238     
   447.10737560665802     
  -2150.0267556265308     
   4.1704434497219411     
   57.889864773101543     
  -101607.90343252440     
   3.3485535679676461     
  -19514.281095082984     
  -6.8742694850736079     
  -87.408543775610994     
  -4112.1937414831709     
   3564.7833471840972     
   7.5307375862140447     
   446.43950318510866     
  -528.84226935058257     
   6.7957215284713257     
   51.097008508511841     
  -6.8881446570409649E-002
   1.3964382001848201     
  -1588.9810561024556     
   1211035.9869341240     
  -1.1280784184532962     
  -818.13796734367247     
   264699.44805387268     
   1124.9978379241863     
  -1446.4061578330543     
   117.51555271852099     
   1.9356382693190421     
  -848.71177988369391     
  0.74847118449116068     
  -13.869216109412587     
   87.648035645280984     
   2.0351063578410695     
   6.9715611512039013     
   3994.7254361468572     
  -1.7481608833779791     
  -7.9517954991935440     
  -2.5687144890565641     
  -1191.8454726833038     
   1096.3477374930412     
   2908.8338811663502     
   39.244796386366815     
  -9.0586350979571737     
  -415881.70453637437     
  -2.5434810262788474     
  -19.518423906296196     
   8.4910801509983589     
   4.3793590784617420     
  -25039.056828353623     
  -1.0982515674756774     
  -30.428434883133431     
  -5757.9333572042169     
  -3270.8523026037597     
  -2666.0998379848675     
  -112651.12093732883     
  -68971.591916108024     
  -20024.517010046216     
   12.076926417305613     
   18062.896988134340     
  -1420.2799827640333     
   1.4121535203241549     
   5.7403043567183678     
   106145.14945066728     
  -20.117684033306126     
   40.548195450963128     
  -4557907.8338777712     
   6.5441032405539978     
   2601141.8909959570     
  -48.045447070906057     
   73.855058876888762     
  -52.525210683233837     
  -72.580305067532493     
   14098.259177048465     
  -79.244970987625891     
  -221.73948494684063     
   10.537260920337880     
   65.387296360981821     
  -2.0408391939979884     
   162.78882922102244     
   2691.2518319382780     
   124.37178592079141     
   1051.6377273152275     
  -134682.62913464621     
  -1.9645980269287289     
   8863.0878652142219     
  -7.2013623551402546     
   346.96922160258504     
  -93.133576209092055     
  0.17876426134443776     
 -0.23702588293091495     
   356.77262912190196     
  -55479.052730370349     
   23.448850998558871     
   204.64323847204318     
   1570563.4896250230     
  -26669.185166043713     
  -92940.519933560499     
  0.51566666798509841     
   109.90743744486278     
   53.179264332668495     
   69.325393967377494     
   82943.229610416442     
   2071.5227236290020     
   686.06264636183971     
   1520004.4177524876     
   562.98409219759810     
   6546.5284535972969     
   31.834225344615867     
  -1.6389752845631180     
   163.08161411794313     
  -133.96358071000097     
   162881.37115824077     
   516.55323906229739     
   165630.15741943405     
  0.93844296420145801     
  -3.4697611715446652     
   800.50456828012295     
   7.8354664826569973     
   12.229784197568868     
  -348.84105458958373     
 -0.28831086667452710     
 -0.86061580718392416     
  -1402.6689151182622     
   4472.5344116572123     
  -5.1911323006583290     
   318036.38093675947     
  -38924.728990867858     
  -3.5780334153833682     
   4.9114072064386924     
  -162.12326345802239     
   11.361861326167780     
   1.7170419390554454     
 -0.69243106379130193     
  -73.574775286895303     
   6.0114677895651267     
  -8363.2855176249941     
  0.24557517077882710     
  -58.007914255126437     
  -21.141371957357304     
   3881.3248421994808     
  -41.337741004958744     
  -410.88748933950029     
   3.2641299236697314     
   280.59523832621636     
   107560.51008060854     
   6.7007476592745698     
  -470.14979518551030     
   2411673.3639594940     
   2.9195634244664554     
   29.754626204825218     
  -4.0676345415948694     
  -393110.11631646985     
   357.73330918240492     
  -68.160161667084864     
  0.38003402079912330     
   43.189897411786198     
  0.35008586755819832     
  0.84982081696103706     
  -36920.659251890997     
   303.33109529349417     
   41.705690842314063     
  0.11820785845579808     
   151292.61710788278     
  -189.30662934672279     
  -4589.2951937605667     
  -189.78671525549140     
   114.65436728156342     
  -188108.08528863985     
  -5640.3866711822175     
   2210.6031202058371     
   76.069578983814395     
   20.850499874415501     
  -181.05637663641869     
   2.6376512128179002     
   32.368898720618532     
   1050.6089969962079     
  0.56183574759324229     
   17.398844855117964     
  -306.07338330639783     
  0.37464581232230254     
   59.034251789644927     
   540.31761503283576     
   1.9074197888884963     
   162.86032400734814     
  -151.49514494213147     
  0.82632167485772290     
   17460.640497552118     
  -128.36901714812871     
  -15.837744843665963     
   12.651551125146188     
   3.4293482159988136     
  -1.6741774506282701     
   527.37147339660532     
   537297.68191338982     
  -10.784032495744363     
  -9.9582697906111566     
   210.73881531937639     
  -15.169670634323197     
   1.9140018090181925     
   368.84676777711923     
  -80.162054210919877     
  -5353.9237618335537     
  -148.01878559498365     
  -312750.40788427956     
   101.41764212764420     
  -152770.14352022958     
  -7832.9849675546366     
  -1555.9459839188144     
   76.978236489675595     
  -1.5368867796763048     
   2.2099698207223444     
   20.300648971054759     
   16.138959817453305     
   17.374965611414908     
  -984.18660291732249     
  -69.966458855376686     
  -658.01487139262326     
  -4.5243053777521229     
  -1494.5678415010652     
  0.57773983283236263     
  -232.93458317798039     
   18.513372121207905     
   12575.428879430834     
  -140.34558578954625     
   3831.3549268527236     
  -1548473.7995015825     
   3.9690820002715836E-002
 -0.64933399922081358     
   2.2498618217589756     
  -21.857565054928116     
   1310.6541524100501     
   726.43386439331755     
  -2983.6857931920495     
  -20.299685370800326     
  -2491.8400582199065     
   29.170825307880769     
  -3.2507888441078783     
  -135.27469939390181     
  -11.387389819548821     
  -23.448958011337538     
   50.272187035944206     
  -119.40446985112435     
  -246.36555091681799     
  -243.43491943160106     
  -71.834346551404394     
  -2144.2929816133592     
  -13.149347859405536     
   309.01791481089634     
  -6.0084157280144694     
   25911.439225416074     
  -2012.9870304689287     
   692269.02880606428     
   8.9282392996299471     
   26784.534984795595     
   493.79610219791590     
  -279369.82330103999     
   12.064024677010748     
   27.974619501493454     
  -235.68753046135944     
  -212.70186282677102     
   40.432644985448199     
   3.5427453596933542     
   45.457404871874246     
   23.413561096912918     
   24.771517439561496     
  -2.9174390255387257     
  -19.446323059501729     
  -33.532870235472707     
   228.20339647158309     
  0.11173816228868093     
   25.476846607515998     
  -69851.034983316917     
   285.69881638859738     
  -7121.8889126307531     
  -15626.294149842675     
   34912.751757320213     
  -72314.246738163405     
  -1.6191016249817107     
  -1721.4711464531035     
  0.80710097756666610     
  -2.8238235627455532     
  0.45018536287545635     
   932662.49388971517     
  -514.02347935218063     
   1.1365009864216338     
  -684.21101500887744     
  -51960.371464960488     
   483.74464563225865     
  -186.72328447044669     
   175.62090908671763     
  -1.3594891069593436     
  -1489.3988603908863     
   53.616706701276215     
   143100.63054295577     
   1.3633162175823239     
   3.6909599825422301     
  -1568.8636979691157     
   241.31704078847090     
  -20399.011984076911     
   3047.0199560142587     
  -11.771310916690227     
   701.55573504312258     
   29.350064360882062     
   80.098993916803593     
 -0.54878045909210615     
   6.7316288612959951     
  -147114.33186311056     
  -20.298045712568161     
   330.54564619307143     
   61.733068889017495     
  -31.350628348200356     
   15.904557102748653     
  0.92515476963505727     
   5143.5766599644658     
   27.875647585297703     
  0.74765876947788013     
  -71.160787152935782     
   1078.3981565642016     
  -28.940492151254723     
   165.53764581834506     
  -114.04333485640880     
   31.359309794259829     
   301999.11283896817     
   389164.93365628371     
  -2739254.8595747328     
   11555.134720663262     
  -11.973070369383388     
   3079.1205688333675     
  -8.5812234474160558     
   760.94780695492466     
   13.828301652176414     
  -34539.174624048697     
  -29.378990671112117     
  -65.873043744718359     
  -17.610332495789866     
  -7594.0860914616187     
  -10.066988719375596     
  -3562.1489002488311     
   957.86455948677542     
  -90.660360152865024     
   18.203966271554965     
  -1194615.7885600084     
   2.2984347605919080     
   3678.6194211916213     
   29304.963153088436     
   13.015674602553920     
   1.8180926505104156     
  -2.7408842516711127     
   163730.47657155490     
  -68263.464114458533     
  -18053.337998546915     
  -3.1962914558656919     
  -11034.234530238307     
   1614.3602800314661     
   1363984.4174239591     
   298.54442714025208     
  -149.68428091020075     
  -272.21684979200143     
   143.55860216396138     
  -523112.35572295729     
   6808050.6869015526     
   595.34327331694703     
   8.4798833862378835     
   16.791987243187922     
  -2.4426595675985019     
   2149.3756571408858     
   535.66825101793233     
  -9132.1743366354694     
  -701.30863592726428     
 -0.91700627873966845     
  -4.9508450375369586     
  -9796.6315212583140     
  -37.031531487664083     
   1700.5655220167137     
   1.1875281276818423     
  0.42461503572305070     
  -303.20247317435070     
   19.001238886043904     
   716.35165027581263     
  -81.185887908430615     
  -53.921668124932111     
  -4.5547234794546192     
  -12.845017987470850     
   1.0881155442113781     
  -1103.5451447124096     
   1.2581952118674959     
   11197.339773157910     
  0.30483249975082982     
  -1076678.8469914913     
   4160.5826153914941     
  -1.3276622818648314     
   368273.17216274125     
 -0.37156301428872446     
  -1042.5459046036085     
  -20768.048406002436     
   28.414855104825385     
  -1380.7617238707812     
   486.68079180879727     
  -80.877767277101697     
   19303.951836562352     
   3.3758135896920796     
   4.0004216731578399     
  -857.14897910938805     
   1397.7710858526189     
   21.786366362285040     
  -24.778366066897060     
   15.372739294109333     
  -4.4286937994275046     
  -12050.036241030519     
   11.502421155743292     
  -17.049422515190948     
   2416294.6816694112     
  -13.058998668178114     
 -0.14574358137228829     
  -1.2330909308187092     
  -12902.898409807825     
  -2005.9736311815923     
   93.637686225960238     
  -124.78695173473672     
   808.69156641832546     
  -31.837998087658725     
  -8.6096114607630216     
   2.5928945284056160     
  -475.32834354359824     
  -36.202959450314616     
  -112.81154491677654     
  -1181.2429664224155     
  -2117.7640731201332     
  0.89903227282367748     
   13.935106893881864     
   1.6407136089621650     
  -14.067504033424006     
   341379.36158849945     
   1.7118579833955472     
  -54.695425939497632     
   2.1107857195062794     
  -129060.28065670941     
   28.564279942047165     
   32.898492020933389     
   3059.6138778959807     
   425.66595503253171     
  -74454.012094191115     
  -3.2452761505626624     
  -24.342264920217811     
   47.300910449399879     
  -423.75875300922820     
 -0.23449314990475470     
  -524.48378988730758     
  -12125.162257166630     
  -1.2178997055537522     
   110.05806337956213     
  -2.7424222355828718     
   6345.0316187954732     
  -7.2358440983077941     
   815.52917053778481     
  -2.5100213601960077     
   7698242.3172329012     
  -18.588885354202031     
  -52.919820847794028     
  0.75980328093803362     
  -2504.6270443349345     
  -20276.182728536653     
  -557.07365777262805     
  -9250538.4377073050     
   972.59466756373331     
  -3497.9286628766686     
   198.01660810974752     
  -30158.067083314694     
   38.017719583040197     
   14036851.326131551     
  -2153350.8757708673     
  0.40311944183796761     
   213.19122072022839     
   39.055109896328261     
  -11251.352255649679     
  -2.9286876134368924     
  -4138.9513748192121     
  -27.799686136633493     
 -0.72729464395551080     
  -13.719924786035611     
   50142.768028591549     
   486.39112183960208     
   4003.9831956178282     
 -0.12791280268075084     
   646201.98460391117     
   1265.1999019328757     
  -7817.2248809083212     
  -162.85160992806530     
   4.7408505301645860     
   4.2117806094578514     
  -16.365164983376136     
   4319.5289284210667     
  -7965.8321398433764     
  -511.73739759777033     
   39.954966336183304     
   39.856179216318715     
   236.16544732311010     
   1.9211852629674160     
  -7.3864721603502721     
   813.34847955619512     
   11.885495911194829     
  -51.820032362946705     
   7.0057149048189853     
   939.48779536835104     
  -34.371401606536480     
   3.1209102013859451     
  -14554.159333064476     
   41.238806752481629     
  -43.995676617157642     
   7066.2862258533223     
  0.16409463799898458     
  -53102.972854488486     
  -177.90160517525649     
  -1.7926111318580025     
   291.87741943560570     
  -14.263392073724962     
  -50.266460308228950     
   230.38828124767713     
  -1406645.7693199820     
  -101.41859610930217     
  -8525.0853398642357     
  -1.8872619899101482     
  -13556.886201007041     
   120.31925342922391     
 -0.89441300014688729     
  -62.975554068496130     
   78.400570110901583     
  -11.051941938969962     
   1.4120964238062896     
   598.23571304553877     
   15628.871438276577     
  -479.76396792655800     
 -0.35975346500265054     
   11.616462385743565     
   5711.1672416597130     
 -0.11948294121471681     
  -2476197.6153548178     
  -63408.205311070000     
  -13.545667363931956     
   1302160.8066620056     
  -5983.1516620919656     
   87377.270170881122     
  -62697.944915743312     
   15.932149382399595     
  -797.68686433440030     
   167.62247294995007     
  -7.3611219813039419     
  -5.2138753107326664E-002
 -0.38456561559077040     
   327986.69051862130     
  -51327.696365043463     
   885.36431349248141     
   222.37775285892874     
   114201.67452391249     
   700.18286447964897     
   9.1944213677308113     
   68.689146095157199     
   193.28082115712297     
   7.2501850250625921     
  -12361.400818715596     
 -0.23077230033465382     
  -173.08106050153981     
 -0.21009368561183456     
   135.97276409956348     
   119.31884344100126     
  -965.08445947420239     
  -592.70624036691663     
   2.0997550487995227     
   158.08877241025118     
   5949.0565111345159     
   4108.4514543266778     
  0.92714324661446201     
   446.05039757772158     
   27.397450558276041     
   99.583224713208779     
   2630.5117913936137     
  -11.404888286120251     
   2234.7889266879738     
   274.90316762421452     
  -1144.8112752696279     
   2563.8009669833446     
  -1.1008467538027020     
  -1.7779999650144753     
  -2.9996844394263644     
   65.773907768686243     
  -20883.755862944494     
   997347.06345336896     
  -407944.70151176909     
  -1.4418385143753742     
   73.062355205943831     
  -1.1473604016739758     
   39.756040022739555     
  -105.03315094175275     
   220.67672278001405     
   47.612145670564537     
  -34.672164621520572     
  -1213.8743592059366     
  -4.8859279540347069     
   493.52502420389374     
  -9.4435508366997478     
  -2.6077588519609574     
  -32.418372679033212     
   6.3283055702551803     
  -6.4691370132214114     
   496.14862268611239     
  -1919.4521577011303     
  -3852246.5653790794     
  -48.058224934476087     
  -7.3079561719293711     
   19.120233274812655     
  -849.45699449148833     
   5.7933343358651941     
  -7.1045919978965113     
  -11127.755651491010     
   22.340420373717713     
   2.1292842676423787     
  -7.4414428889501201     
   34.515419502326104     
   72210.404340423440     
  -98.811332881831433     
   23671.548886810542     
  -3.3655928293945641     
  -23.478698723782969     
   5.1528756220520124     
   526.88153642566601     
  -8.7431905545040802     
   1.3565721726755169     
  -122.34267186903367     
 -0.68709839817181839     
  -1381.4874311834305     
  -6.7223320667189226     
  -3.6637279664402906     
  -161.77557780739832     
   386.39218263882464     
  -7.4419821693805792     
   145.68100841090171     
  -1621.6854315695357     
  -700.63321253218237     
  -120.36426716247713     
  -1006.9406905127770     
   3.3416318032432333     
  -133.42269300461402     
  -91647.652593486433     
   2326.5715423508141     
   64410.583585704473     
   27.311744715760927     
  -25.764929110622965     
  0.79942828660015519     
  -4.4637148720918756     
   62.000012777224335     
   76350.631664335131     
   429.55601365969278     
  -187.27856997993047     
   138.05745366217931     
   16.748094384131669     
  -19.541229300082531     
  -65.144620220618677     
  -12008.343710820269     
  -181.01700733321309     
   66.279719171042203     
   2.7980142269239718     
  -17.532927910460497     
   335.43265120135828     
   53.500278195997645     
  -31.874723634491303     
  -43.669209573495671     
   16.565112427806159     
   4954.6847553512980     
  -122114.97877428075     
   1721.9725836136092     
  -282.66801722018107     
  -2246.1962847457417     
   30357.890863922014     
  -4940544.1512863562     
   180.33099628460641     
   1.0325945403676902     
  -7.4266571003836175     
   78.865808014333723     
  -87.363444359750176     
   6.9229641456920321     
  -69.747115748677132     
  -19148.501513359039     
   22.021420790794405     
 -0.60591719615733508     
  -1188.9315051832814     
 -0.60738276334204622     
   3.5289280461197685     
   175.19148186092016     
   2.7348742598241897     
   321.60039223507295     
 -0.20163712233815256     
  -2.1941593222970543     
   112199.35678619776     
  -4812.0746474154066     
   3.8693100938560323     
  -52.136680839442050     
  -962.52031864131459     
  -13493.303062179893     
   320.07655286600163     
  -12.269082239182666     
  -29.122043911233437     
   17.678033050524125     
   2073569.1538567173     
  0.61073386772960081     
  -807.33055417081289     
  -2238874.8291152860     
  -633642.24118959601     
  -47.975279659080464     
  -811873.89592205512     
  -9068753.5493916199     
 -0.35185787338777436     
  -25661.202895634193     
   398.05839040755137     
   273177.86327934189     
   2576.7204250967693     
   82.386433698071073     
  -4.6240289908222305     
   2.4180655739707717     
   68.598417062825789     
 -0.29204583202555662     
   3.4613877874078609     
   25.806251002977287     
  -1.5635654666800618     
  -125.92697632128315     
   847.32263731529497     
  -2660.4611852278003     
   25.411032981729385     
  -11425.708316659151     
  -5.6648959175532067E-002
  -300.48090901406107     
  -341.03261449553526     
   1882.0778814077089     
   883.41476006092910     
   1.8261636516237318     
  -5.9507647107283210     
   166.53262091444694     
   7.7804732306140245     
   5309.8005869141989     
  -827.25255299629919     
   97.759201783753880     
  -21106.643241227885     
  -237.12354921867461     
   69.877842716866652     
  -114.68075257998551     
  -493.95281353137119     
  -2133586.6498894664     
   326.91836231150381     
  -2754.8531134247128     
   19.075638622609240     
   6630.1789646900525     
   947251.96002637339     
   11.819248473846104     
  -148.35292655974808     
  -8925.6067933008362     
  -149.20986214806018     
   1202052.7057128164     
  -327.14645173060626     
   1528.2503990146276     
  -10988.057054453648     
  -270.17282515630080     
   65747.376069083446     
   13301.753567417683     
  -531.68623727802128     
  -43630.862446294042     
  -8.4362313529786448     
   93.234946082074657     
   17208.807412959752     
  -771.63514533648652     
 -0.38938849613225851     
  -96.234260984354876     
   3.8288595071765328     
  -1158.9115088196020     
  -1092.7528852659095     
   33.557401034409231     
  -278.45565234666054     
   7392.6511703248589     
  0.27433760573822308     
   16.828813143040058     
  -3380.4070761885218     
  -808.23334512023007     
   1.0566151769973207     
   3833.7833866516148     
   2.1142781461022189     
  -13323.618702589940     
 -0.97029453297380375     
  -1.2414356996092437     
  -3.5161754190617074E-002
   346.26085484672802     
  -294.55369521561619     
   307.03522478124421     
   415.44872675732415     
   303045.64103320776     
   2294.5687913368452     
  -19869.855201942944     
   9.9717838578439633     
  -68.058968966588736     
 -0.55960982811325544     
   169.22571605230070     
   4727.8342463424769     
  -337.89068752201825     
  -242.27001473114345     
   341.37945585604524     
  -7.7619067243031896     
   14.233414043997112     
   3.1977246809530659     
  -13.352266750599473     
   10.892094054592304     
 -0.12845698041994372     
   22.762809659710964     
  -64.688444939945995     
  -1.3260946412413994     
  -14227.419486578947     
   1.8408162170254943     
  -153.46615406953927     
  -8.5002862719440113     
   3.2176496637785346     
   588522.92587831465     
   79370.142346576045     
   128.61143840912840     
   269.40006756761250     
  -22596.931692997849     
  -35.224468781974764     
 -0.33804562186614784     
   13572.588738667242     
  0.43822286046188785     
  -1176.7739458847038     
  -4700.3670135602024     
  -12.653793382013252     
  -43.184921603592812     
   70.068598424171014     
   3927843.8115160712     
  -1.7153164099001397     
  -15.894495464279418     
  -3784.5210611550833     
   18.942364473001351     
   1.8978133707117295     
  -24.411461329067283     
  -6.0421866039364929     
  -5082.6434692595685     
   185.48692147084003     
  -263.21494798147211     
   150.78896606750024     
  -1211.3728965197765     
  -338384.09028810717     
  -1.0916007464065836     
   43.353634119441573     
  0.56809969629121637     
  -4.9638905285576369     
  -222.54169644806643     
  0.53607855341687449     
  -1474962.4119880125     
   25.675381988213349     
  0.50460611225162944     
   21622.374604982942     
   35.538453850039907     
  -2263.4287788733227     
   1.4669100831656638     
   117.97303457257863     
   75298.800185078202     
   49.043765144732227     
   21672.721797191014     
   6.7473641287963622     
   1921566.0838202890     
   1390.2783152163324     
   142955.78858080346     
  -111741.52852845722     
  -87.554173619459206     
  -40.663491892697884     
   1.1668057048594951     
   6824.9087510644977     
  -5.9899150484953854     
  -74.266421883299770     
  -236731.01123227779     
  -34401.894218204347     
   4.6363286032796678     
   3.6650086896413430     
   349120.50237720739     
  -90.291343913721079     
  -318913.24435386615     
  0.11081223730285611     
   7.3936417631981826     
  -5628.7560961666150     
  -36.903529238280996     
  -39.419944570023581     
   25701.382285338594     
  -1132.8327048939091     
   40.570548516724031     
   8416.0689436955472     
  -12788.260012008284     
  -79.341638849107653     
   265.75057494144306     
  -1.0110891675785900     
   3.1348466043525720     
   1352.0347786093387     
  -19.149655740752642     
  -10.863260646610211     
  -295.85015814986491     
  -9.7584230846190216     
   37.693782263467831     
   9.4726378381386773     
   3103313.8582234639     
   476.21793072059990     
  -98.935225129228101     
   4.5735665340318521     
   57.559329846002903     
  -1.0460067839079297E-002
   125.48474464234218     
  -393.68234882522893     
   4461.4252392757726     
  -4.7943888893004463     
   950.94764051152981     
   10428.842194349900     
  -25.597653376782851     
   10.173333744733879     
   41.765193898897735     
  -15.447519716875584     
   27.106013602471258     
  -423.61225554852552     
   15626.943816426696     
  -37910.229890190531     
  -112.14599076103762     
   1.8827144746228073     
  0.83896560366867690     
   308571.78532760614     
  0.58716253996717116     
  -1.6431846374778092     
   6.0088802438535183     
  -5097323.0644579809     
   1257883.6720362010     
   2222510.4006568873     
  -135.07724469884386     
   9.4392463311126118     
  0.81583022417625162     
  -30.159007439914237     
   528.80424851894441     
   180.66394818025100     
   8.7226596052173413     
   4379.3436334093594     
  -6037.9748908730608     
  -5.3560489618657590     
   142499.22235668646     
  -12.076230080892350     
  -64.015567782758808     
  -839.14847508286095     
   136.06753198898394     
   281.09958260595647     
  0.62575609648284969     
  -235677.06829974058     
  -467.68971003542026     
  -14595.433247298934     
  -48.398943896683697     
   2.1136760935733867     
  -116.89193704615916     
  0.64773066625395936     
   5.0856703669048287     
  -3698.8265828284257     
  -1.5569687470774727     
 -0.13202488285669201     
  -13604.600530676404     
   99.524966856017215     
  -2.0635804387157410     
  -3067.3391535435999     
  -185963.59243416772     
  -112.05561987111089     
  -2854508.0880291774     
  -46.236732815020204     
   4470.4710142539880     
   11.615597689969054     
  -17.223340540598780     
  -13.284584660123883     
  -9.1454512956645821     
  -32461.610060695963     
   2.3481788509045072     
  -132.64217152979759     
  -245.38957813682416     
  -21.716516788168970     
   15126.392211224445     
 -0.77168812533724862     
  -6991.1293733759258     
  -103.85625988604941     
   293.99366643502179     
   281.71162239731444     
  -1.0417413778929352     
   446641.70128651964     
  -24.333691310814267     
  -85.612720898725840     
   133990.99833044468     
   337.76247994894146     
  -73.114095603190506     
   118.75948213393650     
   3.0918201322333028     
  -1537.2446950099436     
  -500.99538869086240     
   364.95640852766434     
  -5266160.3968755594     
  -52.499797433469347     
   18545.157587573034     
   18.502890304606240     
  -319.31076241312104     
   162532.20766560824     
   6.8666825371489768     
  -64634.652457954835     
  -2096.3361809783205     
   41.100142606765282     
   2628.1220790702878     
  -10.923120199102234     
  -4880.5201648062894     
   22.210329866742534     
   7010.6758899746583     
  -49419.354317744881     
   1.1918602296677958     
   3.5539016359064717     
   1782.7802751486568     
   41.695471730063439     
   4468.2755778528926     
  -192.02671748321796     
   4628.8830456339174     
  -551.11393024743438     
  -20.449733937363138     
  -29.245664796354852     
  -1038248.7814304216     
   59947.275309595170     
  0.77809791084719315     
  -6.6991172538935819     
  -5.0099157585172573     
  -3.4336640202530191     
  -430.01798136198499     
  -441682.19456694310     
 -0.50984229829437122     
  -15.553465654227036     
   18.524240015095319     
   4500.6980646402681     
   22.102787403170467     
   49.310187626694123     
  -2506.7657500572150     
  -13.562282071299595     
  -1320315.9649544181     
  -564.64895935516779     
   6358.5698571997655     
   30.118269267541859     
   414246.50775252667     
   13.910739093675563     
  -18862.550208151464     
   37.192161196962267     
  -112.27662754217074     
   2946.9352315969618     
   641.04424487815083     
   1797.6156357045249     
  -15.075300030350524     
   359.68225715939991     
  -142.01554997764231     
   5128.2147070899764     
  -3442.3035109962971     
  -510984.76699782803     
  -3.7760584710656389     
   30.758349150598253     
  -2.2259619987007135     
   48852.587545493327     
   34332.009363965670     
   1.4535681240257035     
   3575.6794533676712     
   87.563011657033215     
  -9.5972413189682104     
   1036.3020245854002     
  -375.94742782598183     
 -0.47864256696355517     
   10.281101549068557     
   63.405259904091174     
   739723.64031484851     
   1.1532479000487454     
  -91.385467800114995     
  -1193855.5027069855     
  -5109355.5757197002     
  -25.343447342893608     
  -23.051376385713350     
  -53.547808660523664     
  -11.151177982291243     
   479057.85200594040     
   209.81243164787190     
  -438237.29168152192     
   1615363.7531477630     
   523.48827900452250     
  -1.4029864037113418     
   193.57576852073379     
  -152.46788560435880     
  -998.94711981545038     
  -1.3099406611227757     
   7.5411833022781236     
  -27.880402224614517     
  -2854852.5260966099     
   1.0058107715943188     
  -240.88025349457016     
   1016.3942039537280     
   318.40826784885257     
  -63.693565762684933     
  -300.58376740908386     
  -8872.7935034965358     
   10753.222223632580     
  -212.47580694111534     
  -8.3132023022010433     
  -131.62156546859211     
   1286052.4067065106     
   90.738144760432306     
  -100.77685231551189     
  -8.4102291565871621     
   117717.43419330064     
   2136753.8037676234     
  -256268.77985027101     
   16804.336913872143     
   3506.0407252723498     
   5992.1030111232049     
  -132.96446596338205     
   864.53185197814901     
  -345.10894405261092     
  -2043.4127621182786     
  -608.77418471514181     
   474.88381596379031     
  -1.0451995863879640     
  -76.711855118568238     
  -4427.1893646963690     
   6.1034478543155384     
   13.340757835826690     
   5632.7857634090360     
  -3.6738673028395223     
   1599.0612197696112     
  -1.4791757264707641     
   3071.6564880458091     
  -3066498.9941030638     
  -610.13872026709635     
  -1.0679088759285142     
   45.247064792031729     
   15146.661393447059     
   77.995201426949961     
  -1.6759270449140049     
   2518.4895411150251     
   18906.988415844418     
  -53.967410741189020     
   305.30861071506013     
  -1095127.3463713340     
   11.422402863456522     
   625.38728848717983     
  0.56524508364918125     
  -4.7504486388614353     
  -76.034703669706147     
  -835.32253396129443     
   186.46365593558315     
   6161983.3752382044     
  0.35895685265782434     
   11.815580962147516     
  -89.949786453899932     
  -15.456122851637346     
  -6.8556725372245717     
  -18.857600586583494     
   338.22347632239615     
   4993.5514703040762     
   480249.63612065767     
  -1104.8178625337368     
   42.706551282383728     
  -8984.8325545845291     
  -20.678020702795951     
  0.77431364061681818     
   417.13402403311738     
  -27.395924923127605     
  -3.8167361383297633     
   33.115805875225156     
   8666.8236935266777     
  0.36949744771746240     
  -45895.783232880800     
   6.5667917430574825     
  -2.4259346656440153     
  -3.1963511555562554     
  -270.85399979225099     
 -0.32303447946599262     
  -457.21189326704223     
   35084.147848666042     
   252.32203077066126     
   156.87931319910075     
   7575.2434674764609     
  -10822.642812735559     
   6615080.4346446935     
   91.822648222838168     
   148.97403736794934     
  -2233.8671460953465     
  0.19009117666531566     
  -569.22431922694534     
   6312.0486784041314     
   187.91228282810812     
   1.3916117753950461     
   180929.74406751996     
 -0.61759051918789631     
   7.9366781759135643     
  -4364.3288620667672     
  -3023319.8624582430     
  -395.71385702602538     
   4249880.1402583104     
  -177.32566245231152     
   611.93352780528198     
  -3.2005391573107609     
  -3485.8123793131490     
   30437.368493684364     
   258.00279970601559     
  -3.3565727257372604     
   898.62670658720219     
  -50.764277930860338     
  -733.89160785132799     
  -454914.17217904533     
  -23.871867003735058     
  -1.1723303086337515     
  -11.255044526332174     
  -386.68267611202685     
  -1138.8683334320453     
   14.858615456840809     
  -401179.70941534126     
  -21.634100374785294     
   786.75176479002005     
  -3.3906755256935512     
  -661.51966581652835     
  -535.16587662071879     
  -2067.8949348245569     
   168324.71943256530     
  -7.2314338420945550     
   2612.6656847934260     
   17.191784247621669     
   213.05302668551718     
  -6.5477787582769222     
   142.91895450689458     
  -12.343476675262620     
   49092.239327412026     
   10154.641274196212     
   106.00268304479260     
   3.0352235785473463     
   616.09270930037530     
  -323.14934817550187     
   2828557.2574293301     
 -0.42189653005936156     
   131.23791056526312     
  -2265.8564657999650     
  -7.6683410528011615     
  -12930.991678121838     
   18.051175214276050     
  -28.572203494239226     
 -0.26918191903746364     
  -21900.414250389731     
   189.83162724919228     
  -2.0659489402875226     
   1614.9626276913189     
  -1.7853738258752756     
  -16859.575833949795     
  -1.9113589657707118E-002
   908.51013196215956     
 -0.51787376053579304     
  -24.659911933699426     
  -37.704027568582816     
  0.56435187850118407     
  -785.95341273957433     
  -43.982077459538623     
   12.492415073464466     
   5757.4847138535397     
   19558.627685132924     
  0.97362758254883441     
  -1.3999675644566907     
  -462734.18576779671     
  -53.199801887329556     
  -24.977102179867671     
  0.33193380033978787     
   1.8330929464651486     
   8.6489304722249116     
  -1875.9950894583922     
  -9.0494343860956103     
   785.66276888630364     
  -26.445538738716401     
  0.33376150500233964     
   5524106.0695089903     
  -335.85446329634232     
  0.60003234732353672     
  0.79894958812940953     
   6.6686551606984752     
   144.79712185230346     
   4451.5565872500811     
  -3774.9455996484380     
   4.4160226079159850     
  -105.53612985020588     
  -1.9248565558978412     
  -163.64179650634276     
  -756.51758969494927     
   735.44657408259422     
   2.4699058162910844E-002
   92.632923953152130     
  -8.1715679541088271     
   15096.552016769085     
   5475.6360017505394     
 -0.42739049507874050     
  -723169.63951955910     
  -3639762.1761026201     
   4.7490872646168043     
  -4769.8243229527334     
  -100.42690667807793     
   39.818596197294347     
  -114.70107987201592     
  0.33432224355705370     
  -32.041415298450545     
   2.4400212390305702     
  -18.039175284819333     
   2.8705352351130582     
   3.4836363506844510     
 -0.96414982936130245     
   85.058112237046160     
 -0.42312159297459767     
   401.93553621828710     
  -470.52052666127366     
  -1.3023956554192861     
  -178.98164789300387     
  -2250.2087631934432     
   952633.75600761140     
  -1.5833455400346148     
  -10373.514619828758     
   3.3664749985024573     
   41.032113833794433     
  -3948.9342211338299     
   231228.32792934892     
   554.01472745239869     
   50.151295434663943     
  -64836.508525976984     
  -9.1164625486606674     
   123.40013517254960     
  -6.3550808558805647     
  0.88630050780164282     
  -46504.121817828680     
  -3.1982499372007389     
   22.912885461272271     
   169.74499625574998     
   17826.218710479705     
   35.149816784004898     
 -0.98483374385130784     
   1.6651577163969886     
  -6.7331481106380098     
   14.129544275826007     
  -1.1685202489018112     
   304.42773626512013     
   43.692310281093107     
   782.13639588228659     
  -79956.793580607657     
  -1355.4113871694801     
  -718.93477819771647     
  -1.7290955009177635     
   5.4195304426765940     
   13.333398358623919     
  -125.58409951479820     
  -25.932546963178240     
  -4.6983849694227215     
  -12.898877673290384     
   94.672005119811303     
  -12473.252160218242     
  -9.0346811023339235     
  -30.951208227405257     
 -0.70168183255322414     
 -0.33733491249837178     
   96.374523077209730     
   31.140289975238375     
  -2.2964251513826452     
   6758.3307982272981     
 -0.83831463931469596     
  -13.589682342798092     
  -13419.745945052333     
   9.9059634034260231     
  -635552.74442458828     
  -8.5297539157798035     
  -23944.772502257754     
   8.9389021904353108     
  -339.41586158268842     
  -36505.090085719261     
  -10458.309382504138     
   12118.344241164072     
  -11484.770391745777     
   164.45392424893765     
  0.75885068397454880     
  -42.805869947960446     
   828290.76532985293     
  -17.539262852969539     
  -493.83168116436656     
  -25337.627017468898     
  -1.3705428930612513     
  -3.6056939119860476     
  -108.70236804223291     
   99997.574524680385     
   102283.16938450401     
  -9886.8575411114780     
   346.80599540531779     
  -13.336810082096640     
  -941.86309232813664     
  -35.178883256380480     
   4.3763830639363119     
   1117040.2041050063     
  -1.3505832862257605     
   5.7424682901328676     
  -30.942353074347739     
   2199.5891839746396     
  0.88398267094734340     
   31.958460282829662     
  -68.025406439362186     
  -1.8809253915295248     
  -885.84740739275719     
   540.18477440407480     
   6.2224988093705997     
  -1341.5813469446714     
   8418.3241697324102     
   5.7710568699882865     
   138.57546393796815     
  -1677629.2523253476     
   1.9342835306428321     
  -4.5779607589475821     
   13.393530320271262     
  -8.8281104255031142     
  -10896.213781150358     
  -104.95425218538224     
  -4651.3342328550307     
  -22892.710056716438     
   218.88212013128583     
  -1628.2607904213280     
  -201.28985424982264     
  -298.98119134590519     
  -12.372144731797233     
  -22.374710505963684     
  0.63484086802007411     
   2131.8301830297501     
  -126.58630820283034     
   772.21949289583404     
   1266.1441559095972     
  -1.4628325840571395     
  -904.61448621079660     
  -56.167440771501425     
  -7.8127550656657734     
   55.083316897594031     
   286.04349754444587     
  -1.6681151960751388     
   4950.3561850810638     
   19080.404891252907     
  -5.8415543926052349     
  -37.617129100292104     
 -0.95100829391658426     
   15.159619274023312     
   893.10307749690912     
   945.37082050254446     
  -4711.0790588521868     
   165.14265917516377     
  -108.33634234105786     
  -6541.6622630954644     
  0.18462898673839104     
   180.43352777140905     
  -1063.5984578995465     
   12.355869667799851     
  -1.0787490031469933     
   804.15286715291995     
   40.073506461876171     
   40.320858898062980     
   11547.530629457926     
  -2425.0983440859318     
  -16.089642089925267     
   1132.3412659120738     
  -6565.8354588688007     
  -52.870247718907741     
   13.374783518779882     
  -1323.9425496625765     
   6.1190484496446045     
   70.843214090105022     
  0.69128946176893291     
   24742.962895964232     
  -120.20612016690652     
   22901.794637653969     
   3.2229502399374188     
  0.45087578611531054     
   237589.94343040191     
   35.358383823152032     
  -19.515706128481842     
  -22.678459806115434     
   87320.304246687214     
   73.863155144579807     
  -27.500712552411407     
   22.009032251875787     
   100.61645233685759     
  -120.44301408272273     
  -16.063275777804979     
  -84.289250710088112     
   131.83138956775278     
   117.84755339934476     
   17.314249113736718     
   6157.7036645347753     
  -12.016073987554131     
   9.2475493719373691     
  -5.3341552187303947     
   36.681295165353255     
   72750.694449348055     
   68.648968632133418     
   74799.886044177139     
  0.22594494768283391     
   181.66626090107883     
  -120614.90523929664     
  -38.632302533181800     
   1.8493758730985830     
   17.646687691690360     
  -8876795.5025538318     
   18.493222440024244     
   101.43123060197753     
  -964.75254431739245     
   598766.75029790762     
  -3364.2271820048795     
  -4.2714807504822705     
   5.5263401961820291     
  -15.821459532340343     
  -1.2950083803995585     
   724219.43949095428     
   10.705731721911910     
   24.865768196926119     
   2.2142943722213717     
  -312.32356451692948     
   58.065083518091335     
   322.91379965434840     
   20.228264951953626     
  -483.28823255341030     
  -17692.728247594550     
  -233.86155707787950     
   13043.883589000659     
   311.19044801448604     
  -2027.6079786224745     
   23409.495472538081     
  -6.1971683460851388     
   20280.952881136574     
   129.61310148193235     
  -3125.6623643095377     
  -59.062867199080259     
 -0.29172611870359183     
  -15.012357080444154     
  -36.130542248916797     
   63.036841184940130     
   32422.212566461982     
   393.43628895592877     
  -35155.868516018869     
   189885.55465540328     
   3.0895041451857983     
  -4820.2622187507422     
   105.53513257507539     
  -11337.820771371586     
  -33515.110474766378     
  -5.1899125993039812     
  -5.5741089127782386     
   9.3144657865740399     
  -11.937225464156969     
  -1.4024252365993028     
   31.710426170998417     
   250.68517952772595     
   101331.12901969015     
 -0.47084249302492620     
   41330.810863700128     
  -597.99649099713565     
  -401.01766017376974     
   72.150516762435828     
  -1522.7142105108164     
   656.03015171509628     
  -563233.40248816309     
  -3108.3133529080442     
   152.52423745754840     
  -1.3558072811313111     
   5.3473313850740469     
   2.6958098519443698     
  -2590.6964987878232     
   18488.596199731364     
   669.74650355877304     
   19.820424759048578     
   1521.3648114899645     
   2261.1445984575998     
  -46228.100486773845     
  -38785.421427991481     
   9948.0804600434294     
   615.76439397865852     
 -0.25636073989870367     
   46.025921507422076     
  -3.5540792141339153     
   4.3208392657775443     
   1043.7706435506866     
  -33.723039201218974     
   180.12071876416925     
  -248465.03974236554     
   2047.3103884994771     
  -7720443.5404370558     
  -901.08812879582501     
  -239432.51202978886     
   6690.9302588009568     
  -207.62165398099043     
   27384.926901132148     
  -38.156371009463122     
  -174.94428524246069     
   88175.694635949403     
   338.09518120769354     
   38172.397567478343     
  -3885.5240061228255     
  -194.01948043342625     
 -0.34940276471816373     
   9.1726662990215342     
   94.500877174135752     
  -562.98405088674997     
  -15.245247412288450     
  0.27974100720574835     
  -12.280927118097102     
   21.886754825250545     
   22.009075355849991     
   206.39310057853919     
   11.366078243398652     
   452.28630489956697     
   637.38022285318732     
  0.33299070659828867     
  -45.671411186627068     
   27536.942668394142     
   79731.798738425816     
   6.7578570007015824     
  0.12243510602439595     
  -19032.213802316161     
   3244.0333856364464     
  -237.17510074762177     
 -0.92429629515124345     
  -2739.6548898804235     
  -8.4333541011854507     
   1.4711801925570651     
   40.064207269436750     
  -40.404305251135909     
  -2705.3259088623572     
   218.98101357590846     
  0.11600123989235113     
   1.8422665687124637     
 -0.78812769216308654     
  -24.350495569464822     
   2182.1794331704373     
  -50982.334473920768     
  -285.16296574979157     
  -7.4384346860917123     
  -3.5198740849793202     
   128.05195857390569     
  -20345.844332256464     
  -5248.6323454306930     
  -15.486635416678906     
  -1243.7408190230531     
  -1071161.0793992362     
   772.70159329682656     
  -3.9183399393136655     
  -3.9319529787301342     
   19983.572472520616     
  -15468.307487087028     
   15583.809124715739     
  -24.654648182538796     
   3.0620806560902425     
   6128.0455844466032     
  -623.79822457042985     
  -1.1584425812748276     
  -62.875677338120745     
   1.9324493727618235     
  -131.47512056366605     
  0.57570575030267113     
   320.50752800121973     
  -3157.4292585935991     
  -469.45775577050046     
  -3.9237247602661776     
  -7.0675505374488248     
  -17.945546968076695     
   505.47476810391936     
   2.1162428871819845     
   244.77201917399469     
   3188.0269232373680     
   2776.4734856708387     
   1.4177124109582602     
  -4.0186051005361421     
  -15.310922668286487     
 -0.35836158026522830     
   4.7446003103851142     
  -87.047411950418507     
  -351.35254816590111     
  0.58584538302245115     
  -1.4138260523381416     
   161.44352109427314     
  0.59149765429329482     
  -230847.34584507521     
  -53.707226883827452     
  -64.088232125706071     
  -125.68356008812790     
   87.311030622330620     
  -755345.39996182395     
  -70748.864374940647     
   418676.78388672700     
  -692.19579460260366     
 -0.21567543250805604     
   17.370072207610157     
  -1.0787550213630925     
  -7.5433467420547862     
  -13.064350160274749     
   33.484910738790859     
  -240.92990495320839     
  -93.337798458070793     
  -95.404592272257077     
  -5173.1753724764612     
   436.91072183552910     
  -17143.569909311220     
   1.0287073765026045     
   1.8721740507029543     
  0.42127897189864572     
  -1.4847777492805176     
  -74.185977533783202     
   32.826697228423754     
   154.23666089079239     
  -104.09035144258236     
  -32.053330488171298     
  -3123183.3099653213     
 -0.33964371811517424     
   37855.074421609643     
  -12012.266836539415     
   15.712569551146650     
   7446.1250357603049     
   120556.88937078087     
  -261863.23825493196     
 -0.20654820010087396     
  -1340.0974710604071     
   7.8348757083646534     
  -29077.359224694523     
   2.3233088283801777     
   1717.2427471271174     
  -7.9521734615489716     
   660.86834175327124     
  -1.9911151577897854     
   86843.689474923769     
  -1.1973884208359193     
  -11.915618460313899     
  -4.0509990530361613     
  -32.849511728501859     
  -3859.7680626517290     
   16489.603142269472     
  0.30359775916666049     
  -16042.677571260119     
   51037.894442615318     
 -0.86278861932548101     
  -1426.6402097380712     
  -51854.554789404887     
   197.34247469861754     
  -1508.8722141167793     
   7.3424976197418523     
   1306.6957152984469     
   219.91266162385972     
   12.293272261433003     
  -3.5864423136626180     
   314.43142337562153     
  -1391898.3949419579     
   123.30279097125525     
   7.8094566456637748     
   20.707981670708911     
   4.2417304979649648     
   115.75455347015433     
  -383.74881056494473     
   1097.3274635269170     
  -3099.7703871718695     
   4402.8390603169337     
  -8.1671111686055831     
   4910.3200624000456     
  -240.34670210908453     
   83976.066849097930     
  -30.113006016353044     
   161.50077554282706     
   7504.8933477351839     
  -1.5872434030071094     
  -7.6009321751061671     
   2.8349481007944273     
   717563.98787885485     
   2.8658311270777745     
  -4133.9725629223367     
  -3.9570235932271483     
  -33.189821423917770     
  -174.79481600406402     
   164.63797075661768     
  -608.11157937416635     
   45.850668420120741     
   3.6466683613723925     
   21.761834354246087     
  -34.499165533016175     
  -644936.51975144784     
   1896.8305356777680     
   51.700446870132033     
   1.0863583549271447     
 -0.76678014511337689     
  -26.775095087145651     
  -7808.4140709705334     
   4.7332637233958836     
   183.88780856250918     
   18.901335899668140     
  -1130.7475147407113     
  -23610.492382436416     
  -51.546480542570265     
  -268824.28677830659     
  -1.6146540507992386     
   928.02263312243224     
  -182.94379797335850     
   7.2076937723233740     
   110566.67896638157     
  -186.19998622269006     
   40.451549968144114     
   463.63067723255449     
   3.1816286767596855     
  -120920.67833587047     
   1724.6708086031781     
  -1.8610160291267415     
 -0.75699052035873338     
   52.334977285908806     
   2.0342228875569277     
  -29.127112500314684     
  -95831.990999981237     
  -3.9777625664207208     
  -2.1329138543910564     
  -3.5388236763291117     
   10.000847137648980     
   1503.3452026951536     
  -2.0211626036044574     
   314.26901031117086     
   9.6979191135787310     
  -201.52301314165402     
   1.2380213687994297     
  -60.550760846235995     
  -2932.2298125292191     
   8577.7034632208815     
  -11.932091667283011     
   23.210943857479396     
   245.43640752129309     
  -138.48373245684056     
   94.414665003575664     
  -142.74869514873635     
  -76.552508301938246     
   32.266784262231589     
   39.246204283905499     
  -300.22309380485632     
  -1.8856977665168142     
  -7143.0623960437433     
  -1355.8916671868888     
   165.91971408052862     
  -11.277895438751065     
  -18565.708719371767     
  -688.78890379460552     
  0.37244468491779559     
  -264.90027791936296     
 -0.34006060732134080     
  -14.075904355092609     
  -4690.0249765810686     
  -1457.0927604290928     
  -1.4865136423652530     
   36.643523961745991     
  -65.271298813932290     
   2.4215201851282853     
   81.895550274634303     
   1938431.9147661109     
   766.07360143409323     
   12140.854457604908     
   16.357833741021793     
   125.10682809706529     
   26.618961794896485     
   85.155174302158215     
  -6.7604591948353585     
  -4082.4576183541922     
  -2934056.3468212038     
   1286.4111204622152     
 -0.85047874896240283     
  -39.776817611299670     
  -29.433135865547399     
   1.6177622303803962     
   3956.2875535106759     
  -2107.1796513643144     
   255.44327818953477     
  -604.27611713361875     
   43.785508698661459     
   78237.698434095699     
  -52079.856604628105     
  -371620.36896498239     
  -66.731010139333904     
  0.25440155438882178     
  -17.792835585166895     
   1.3908647149148476     
   1.9421130870897101     
   239.49225465362809     
   1598.4528132390874     
  -3004.6531150054507     
   6971.0197694765802     
  -955452.72490020201     
  -199.27323160154114     
  -2.9574032908220778     
  0.78997833648418869     
   203.95364240635757     
   64.916254440540641     
   3722308.7747575142     
  -6.2562001077669862     
   2.2422396287616566     
  -18.457575077457747     
   7031.3603254217469     
   137.08882716637521     
   6271.3206294820993     
  0.60625401998586481     
   79.336216102491363     
  -4.7429265335093218     
  -9.5656990631799860E-002
  -342.36747390933340     
  -97.799492538397303     
  -1.1680681450499959     
   1.4763361198523084     
   24.671629698963653     
   2565.6936340200509     
   112.26511927180464     
  -141.55993683980626     
  -107.56000258129947     
   5.0360667312137037     
   37.709972417954518     
  -180308.28478106557     
  -228.65783972548934     
   396.55019684998456     
   2.0419039257433873     
  -6.6446285139742978     
   388.89186413177760     
   32.425058073844212     
  -378.89594972883714     
   22213.983084645046     
   148.29799161162904     
   142970.71523683131     
   302.69249656164078     
   38.472690588519804     
   320.07482203056162     
   24.470692890166596     
  -348.84141926478884     
  -8.6205886116547141     
  -1.1151903047252660     
  -329450.03095966345     
   1867.8517856189162     
  -24623.669849773967     
  -334406.91968409473     
  -3920.8284167601578     
  -3.3020137324830032     
  -62.268737558602808     
  0.57446998177325992     
  -845.67908236638095     
  -466.27406153168204     
  0.35464136709191441     
   1.4213770947429103     
  -9483.4043239233051     
   342.14508585326354     
  -64736.723919908574     
   7.3267506397224818     
  -2866602.5230245232     
   654.60299096485323     
  -60.629223905108638     
   5732043.9351305803     
  -4.6630291606530312     
  -1481.5604582459946     
  -22.644025133207389     
   25.203835743522795     
   41470.616588338264     
   55.607647922639266     
 -0.37439088335000864     
   189.15094268687889     
  -462.80844756924574     
   137.83023644278546     
   559.33813635677950     
   36.423361577730681     
  -13.344621926283345     
  -9.7907627506831467     
  -53043.804814686540     
   16.318738626921974     
   26.627337469154060     
  -128452.45461853467     
   5.5551186851405667     
  -2168.7826776045968     
   33097.540939122737     
   2911.1362770153710     
   194.35479197591135     
   5175.7886740686654     
  -3065.0393842442263     
  -211.83756875073263     
  0.69681243361201473     
   9.1561789656975279     
  -116270.64234321449     
  -2741.7658992182564     
   54224.375647986009     
  -425.46123496982761     
  -197.60058248917204     
   5.8150943253624083     
   5.4810746459962028     
   162.23985134157468     
  -30.219723977816390     
   3.4275559002376785     
  -314.14393550963308     
  -1662.7783417923233     
   99.928788683911833     
 -0.10751027623322765     
   429.87189863781310     
   20973.524722649330     
   77.220084710895847     
 -0.77859843849604338     
  -4.9803505552462282     
  -19.405347711654318     
   10840.151253674063     
